Track Name,Blinding Lights,Dance Monkey,The Box,Roses - Imanbek Remix,Don't Start Now,ROCKSTAR (feat. Roddy Ricch),Watermelon Sugar,death bed (coffee for your head),Falling,Someone You Loved,Tusa,ROXANNE,Circles,Blueberry Faygo,Intentions (feat. Quavo),Toosie Slide,Before You Go,Say So,Memories,Life Is Good (feat. Drake),Savage Love (Laxed - Siren Beat),Adore You,Breaking Me,Mood (feat. iann dior),everything i wanted,Se침orita,bad guy,WAP (feat. Megan Thee Stallion),Sunday Best,Godzilla (feat. Juice WRLD),Yummy,Break My Heart,Dynamite,Supalonely (feat. Gus Dapperton),ily (i love you baby) (feat. Emilee),Rain On Me (with Ariana Grande),HIGHEST IN THE ROOM,Sunflower - Spider-Man: Into the Spider-Verse,Haw치i,Ride It,goosebumps,RITMO (Bad Boys For Life),THE SCOTTS,Safaera,lovely (with Khalid),Lucid Dreams,Stuck with U (with Justin Bieber),If the World Was Ending - feat. Julia Michaels,Physical,SICKO MODE
Blinding Lights,-0.0,-5.058470479051792,-6.278712341527723,-4.568581543658316,-4.407318655701217,-4.96944724223895,-3.7314876045582914,-5.816600105028488,-4.590065058006838,-4.383729101182649,-4.620242259226871,-3.819847599580824,-3.04428847773511,-4.0832799531929025,-4.527057386283747,-5.803463634235335,-3.636348575989809,-5.083258676357827,-6.371926566085071,-4.874535526501283,-3.925034348466148,-3.9766946860168417,-4.285514425699671,-4.992488077960686,-9.800626290544846,-4.3156617923136595,-5.265665934590264,-5.01560487631889,-4.703200289677786,-4.982078608330312,-3.490521348616651,-3.6940353236125065,-3.8258300826521903,-4.62577374559973,-4.3340653908030236,-3.9709657084292527,-5.038681012548904,-5.465292841629682,-4.190043944708136,-5.010171269451693,-3.954863380619721,-5.916961888529182,-3.091323232456077,-5.37108870714976,-5.679905523694572,-4.718591034705579,-3.5746546533570687,-5.776006964055211,-2.707638549201279,-5.014812677914082
Dance Monkey,-5.058470479051792,-0.0,-4.487210318029397,-3.6155196985697415,-3.634358807685984,-2.6913521715621536,-4.1939123500735045,-4.1928509220886605,-3.7656925189059938,-3.4552138867636915,-3.063471577382512,-3.769410042782439,-3.3778278923806018,-3.125072752570644,-3.103683716334687,-3.22482865532596,-3.664042332780848,-2.879879720188449,-2.56880182268687,-4.683391594096425,-3.772152219112948,-3.353436549090855,-2.880965912460029,-3.5240492638976613,-8.534687346199766,-3.100408344825286,-4.26726363109382,-4.385928245364406,-2.787382321202194,-4.552864879691108,-2.8098143769746,-2.9825674090246665,-3.2544316470081487,-2.6279981062472997,-3.799991204769183,-3.975213911791236,-4.3164089122330545,-3.006551352493879,-4.853680010459203,-3.4240752063390816,-3.310054287244968,-4.709519774990837,-3.4376086449263057,-5.219586177870296,-5.202850471896433,-3.6542237722778657,-4.474938026119046,-3.875384739754011,-4.54012573677698,-5.009826433360662
The Box,-6.278712341527723,-4.487210318029397,-0.0,-3.523673830879171,-4.43942027134126,-4.561950863021972,-5.182713836498061,-3.7403807914686067,-4.874104717800547,-6.352889349203463,-5.581635132012586,-3.506166740959576,-5.485575619794921,-5.1436631841235805,-4.431678601899438,-5.467024392508592,-6.43368197757007,-4.597189501892996,-5.448179381244386,-5.956349758583527,-4.622958529707492,-4.785928128890318,-4.394684481174516,-4.34899529612428,-10.005629535028408,-4.265430627510376,-5.844998853075145,-5.772980058756477,-4.516755533433518,-4.5778913360863305,-4.598343153261542,-3.8796862026318157,-4.618889210937692,-4.279688265826326,-3.5672348561193603,-3.9405860707752707,-5.4572233042740725,-5.58230372344962,-6.078789535902191,-4.58497453958068,-4.519851362316307,-1.7962808519279934,-5.2070150244196425,-6.817689306545587,-7.721855232566956,-5.223168248136615,-4.445567682557942,-6.907406584969307,-5.760429222077458,-5.901011764129659
Roses - Imanbek Remix,-4.568581543658316,-3.6155196985697415,-3.523673830879171,-0.0,-1.8368304391017873,-3.1452094831745008,-3.596884783628996,-5.159771757769443,-4.136405938200606,-5.174176098298794,-3.799909682381307,-2.958613382754959,-3.4207505376830167,-3.9804311646457724,-2.4933169865853975,-4.3742364335046915,-5.347078389398679,-2.7675979290079984,-4.815345512889875,-5.063469599247055,-3.375941080469746,-2.5582263362815842,-2.1818526504168148,-2.214914625170994,-10.059964532316503,-1.8797543101155059,-5.0072588008636485,-4.973986233401236,-2.537464214355527,-3.3422621993990713,-3.3164187294222596,-2.9423422299485553,-1.7765928540902056,-2.2315386213371444,-3.1683819281901027,-1.9078362498523038,-5.169879868830624,-3.4674025840743234,-4.460570957568932,-1.6834951574911794,-3.2552158533511673,-3.493018313478002,-4.127177468146419,-5.4028443750989865,-7.2331696706466415,-5.101018225348266,-4.117223805393113,-5.922106619160243,-3.1641741547148476,-5.132580018212331
Don't Start Now,-4.407318655701217,-3.634358807685984,-4.43942027134126,-1.8368304391017873,-0.0,-2.572392442193301,-4.096764178991982,-5.702677497151119,-3.7651726567493062,-5.412288897559573,-3.5443979990898944,-3.432200131367477,-3.4240677285568117,-4.247865155459792,-2.740935784643696,-4.917957083867635,-5.070078202811457,-2.247359940981779,-4.783896579489515,-5.004585090539076,-4.381469340866879,-1.8851056872041132,-1.8514997605009695,-2.7228027125078595,-10.150103749094527,-1.960041681682773,-5.056873264292123,-4.908547034955851,-2.9091834625621056,-3.2829651214611144,-3.038767308280266,-3.0372699996267016,-1.5818493931614124,-2.428165840153304,-2.9199480155281674,-1.8412561771624807,-5.03381497795313,-4.121281838740425,-3.9037762766448347,-1.9296548873082884,-2.5826956332083495,-4.397641623948964,-4.321415091024208,-5.21417061476463,-7.241202593794084,-5.023034749143369,-4.417407333709937,-6.299812325229975,-3.424303400168262,-4.478896949196015
ROCKSTAR (feat. Roddy Ricch),-4.96944724223895,-2.6913521715621536,-4.561950863021972,-3.1452094831745008,-2.572392442193301,-0.0,-4.247207018473001,-4.887864428395421,-2.954408199270521,-4.631269070808242,-3.5180285166269356,-3.2353310465411083,-4.091697229667797,-3.4621870035842033,-3.449568232834496,-4.053291076482496,-4.366161721516113,-2.745973637428926,-3.482837010387646,-4.732836634007861,-4.438792510329085,-2.6818326544350195,-2.118481746317088,-3.1749501608174424,-9.027797195050342,-2.5397403924389104,-3.8483398478065567,-4.433438725797366,-2.8681986766310725,-4.217610096144532,-2.9054351546577895,-3.507936995945987,-2.8240897378924963,-3.4103566117944886,-2.395770880552209,-3.284652473670155,-3.5224303487750013,-4.0222292616793816,-4.775587176348576,-3.251302956471699,-3.636122565598058,-4.420048929794206,-3.857546024680398,-5.229316730725885,-5.819514112962065,-3.6152626246838904,-4.798205536218786,-4.7251993031730715,-4.726346647634498,-5.2530265428563485
Watermelon Sugar,-3.7314876045582914,-4.1939123500735045,-5.182713836498061,-3.596884783628996,-4.096764178991982,-4.247207018473001,-0.0,-5.649715738531201,-5.222337885797174,-3.999651248881874,-3.677487604295486,-2.7836509799231415,-2.4888056951843,-3.3681974949073017,-4.970663167309635,-4.956025698894205,-3.7531946818364945,-4.678161272868485,-5.82949707929739,-5.554843772557693,-4.173998015576892,-2.977752609746051,-3.8043077274926014,-2.786145144355011,-10.319723784500216,-4.075552189153953,-5.9520311448589895,-5.5738666598375755,-4.154583059652859,-5.434413789731781,-4.460153253308058,-2.5765479267022093,-3.0746271965413894,-4.379952591810057,-3.7452938366807853,-2.9515705900086697,-4.543969576872872,-3.8499240071078282,-5.46451857874478,-4.033997601943929,-4.1728462503348505,-4.521296560019799,-3.4928239048483016,-4.899290241752902,-6.212070018651233,-4.021525760240621,-5.057987509963477,-4.886920157561183,-2.8259946363112105,-6.108044588472919
death bed (coffee for your head),-5.816600105028488,-4.1928509220886605,-3.7403807914686067,-5.159771757769442,-5.702677497151119,-4.887864428395421,-5.649715738531201,-0.0,-4.423650226865063,-4.803844153880221,-5.903976747302662,-3.7581066540615535,-5.921726072451483,-4.906066036102902,-4.9006072633015325,-5.932180230336923,-5.171687816819678,-5.617691172724055,-4.527772079241873,-5.8629791421923425,-4.304011309839682,-5.876416867338682,-4.8353879780096465,-5.3057553122853705,-8.677212328010492,-5.2064839680715975,-4.768141426984442,-5.580234990309302,-5.022866897845478,-5.27221973039353,-4.011360737894671,-4.781544307503162,-5.778352843028374,-5.284566788612581,-4.159858665136845,-5.275222785601142,-5.032087113079605,-5.713608634372641,-5.945240891374449,-5.772874378567936,-5.5988071985743915,-4.28459781470678,-4.421474755165871,-7.548535147733727,-5.267880969253365,-4.592903632220429,-3.8614696906838257,-5.471924935283032,-6.366761082631362,-6.767245707988923
Falling,-4.590065058006838,-3.765692518905994,-4.874104717800547,-4.136405938200606,-3.7651726567493062,-2.954408199270521,-5.222337885797174,-4.423650226865063,-0.0,-4.5424085087686565,-4.944952153530946,-3.5722229253526634,-4.781762915877077,-3.147941785012169,-3.7538992250790497,-5.204331108545662,-4.560726834387225,-4.431572049227777,-3.720269135919326,-5.421970139710795,-3.9890980151010216,-4.079423968735395,-3.524983068884849,-4.390658277162623,-8.639969600533348,-2.990195860743253,-4.077363298633008,-4.196762542864848,-2.9204559091092928,-5.222636450683467,-2.660903683674627,-4.391870984148206,-4.145462637904075,-4.2240931973577815,-3.2071060807591443,-4.3968402527656565,-2.9040857793712402,-4.87174006819704,-5.255425593283037,-4.353669729965701,-4.1626043990585035,-5.30908176364191,-2.979198120236168,-6.9869664300695264,-5.248915484892353,-4.555663580549988,-4.096656505362275,-5.569385933282811,-5.303888633643892,-5.899964520271446
Someone You Loved,-4.383729101182649,-3.4552138867636915,-6.352889349203463,-5.174176098298794,-5.412288897559573,-4.631269070808242,-3.999651248881874,-4.803844153880221,-4.5424085087686565,-0.0,-4.515199656728875,-4.127179925289875,-3.8472033450809304,-3.44428723699228,-4.686397160332438,-4.806114804106916,-2.148694651163353,-5.1063580784098646,-3.7167220385845736,-5.840772525201857,-4.022888715266824,-4.568730467641272,-4.629428216221433,-4.423856007660634,-8.65731938782542,-4.416764972616653,-5.022341364900542,-5.536557045173798,-4.235543593057552,-6.300904279580673,-3.573970418727765,-4.250530963621132,-4.693687230110461,-4.703711348856783,-5.089707694348707,-5.1422161303334954,-4.183168493762068,-3.483820762383411,-5.911862071039965,-5.232589061695636,-5.119094310008397,-6.225476550024334,-3.167748282110438,-6.226292234721984,-3.0677923814269086,-3.849054738168417,-4.54203904673057,-2.788402046773526,-4.749392370574123,-6.722132099172798
Tusa,-4.620242259226871,-3.063471577382512,-5.581635132012586,-3.7999096823813066,-3.5443979990898944,-3.5180285166269356,-3.677487604295486,-5.903976747302661,-4.944952153530946,-4.515199656728875,-0.0,-3.8302403681914194,-2.664071844116705,-3.629132100269095,-4.109979000926427,-3.568259559019949,-4.306366624432731,-3.20500795451443,-4.962751631740472,-3.297504668869816,-4.264884159848508,-3.117891536279213,-2.5190445180301104,-3.6542359727364517,-9.887053790758857,-3.729455911638188,-4.623858048307329,-3.43547685968247,-3.391674196037363,-3.9927736540418963,-3.900970018748336,-2.7968883431217324,-2.598451842669228,-3.2703315019617767,-4.51020175774259,-3.8998488612481794,-5.279947859480809,-3.4142878523313405,-3.447274475421367,-3.2049378860814475,-3.3061692145412374,-5.599505118068957,-3.857913389389801,-3.615728389159898,-6.767522156117394,-4.3043386673443385,-5.405518007865982,-5.16569623017381,-3.55353958314283,-4.53554449443811
ROXANNE,-3.819847599580824,-3.769410042782439,-3.506166740959576,-2.958613382754959,-3.432200131367477,-3.2353310465411083,-2.7836509799231415,-3.7581066540615535,-3.5722229253526634,-4.127179925289875,-3.8302403681914194,-0.0,-3.6433331515994483,-3.283734522602124,-4.04891759218125,-4.851670182888142,-4.009441473616193,-4.054012326595959,-4.820143501985597,-4.611238794524401,-3.4751575225076303,-3.1327555089358583,-2.8474496417590167,-2.8019582839041473,-9.598521403147036,-3.208128521664234,-4.453540738799801,-4.422648869702181,-3.4624188801793467,-4.130105674877827,-3.1425500015327095,-2.5550474070363633,-3.1405037197353876,-3.987327300419594,-2.228509414193621,-2.624024349775805,-3.522680153657595,-4.22285885541921,-4.548882567670047,-3.7906777753655567,-3.8412765823958805,-3.2581597262824133,-3.055863146463566,-5.3883489901216075,-5.749049358082389,-3.3689066065684714,-3.5927067447638756,-5.141173961211985,-3.866351198788554,-5.544687685966875
Circles,-3.04428847773511,-3.3778278923806018,-5.485575619794921,-3.4207505376830167,-3.4240677285568117,-4.091697229667797,-2.4888056951843,-5.921726072451483,-4.781762915877077,-3.8472033450809304,-2.664071844116705,-3.6433331515994483,-0.0,-3.1607040182908173,-3.784197321906878,-4.130654566585705,-3.423663067332408,-3.599742910368889,-5.30860458161585,-4.600079569271535,-3.700839270219969,-2.442524329453974,-3.3263652171824867,-3.46588120004125,-9.84152919247557,-3.342176249084508,-5.488303996353172,-4.637604090385488,-3.4513827083733615,-4.702078763461261,-3.52827549678389,-2.0091434569483204,-2.1830275868208915,-2.9446123223655905,-4.250134145629053,-3.1389567552316966,-4.962841411661571,-3.4996886384435433,-4.278203401414185,-3.3915008522323933,-2.5670618256499163,-5.238218190154834,-3.0833605096937395,-4.133002199084865,-6.213914786453257,-4.305092983448023,-4.45797329821132,-5.055025034853665,-1.8128997155960982,-4.436935217490945
Blueberry Faygo,-4.083279953192902,-3.125072752570644,-5.1436631841235805,-3.9804311646457724,-4.247865155459792,-3.4621870035842033,-3.3681974949073017,-4.906066036102902,-3.147941785012169,-3.44428723699228,-3.629132100269095,-3.283734522602124,-3.1607040182908173,-0.0,-4.311289997077238,-3.8784856104835725,-3.8163380294353817,-4.712314627626783,-4.373809278645928,-4.958205257882524,-2.9901072221977496,-3.746840131735309,-3.509321327031168,-3.6721283170396593,-8.909186252257316,-3.443471965053378,-4.583189353962774,-3.6978547433719835,-2.4171603385951403,-5.683356620776771,-3.6552427656225985,-3.433755123187588,-3.5478089918492346,-4.041309184218607,-3.8564501248529264,-4.314413381995558,-3.129678821293996,-3.42996223118443,-5.4304379514177015,-3.9413449442606883,-4.094290975304329,-5.324977481038136,-1.383754116102804,-5.9446360068668325,-5.210082532924622,-4.11737207779654,-4.924148945089614,-4.311565739232567,-4.04319204781514,-6.1457022890687325
Intentions (feat. Quavo),-4.527057386283747,-3.103683716334687,-4.431678601899438,-2.4933169865853975,-2.740935784643696,-3.449568232834496,-4.970663167309635,-4.9006072633015325,-3.7538992250790497,-4.686397160332438,-4.109979000926427,-4.04891759218125,-3.7841973219068783,-4.311289997077239,-0.0,-3.9412337940356608,-4.9973545610700825,-2.3388380629597,-3.796524888040165,-4.628813513377159,-3.1246448911186744,-3.452744483917665,-2.7393579711501173,-3.9030014399270483,-9.100036697460418,-1.8862957569777412,-4.157589644970428,-4.665829808485891,-2.670738727401268,-3.203303204944161,-2.1074676547667375,-3.6740352583603033,-2.7592932865699433,-1.4779476043674686,-4.134974851497103,-3.533235989112891,-5.439775742077681,-3.6988271352309057,-4.050192834157376,-2.812656104054054,-3.189055174067429,-4.689683030677499,-4.127867543546737,-5.550859708225409,-6.354577466109167,-5.133137069822685,-3.190438902999964,-5.4480511391031134,-3.856870119876706,-4.398291731677242
Toosie Slide,-5.803463634235335,-3.22482865532596,-5.467024392508593,-4.3742364335046915,-4.917957083867635,-4.053291076482496,-4.956025698894205,-5.932180230336923,-5.204331108545662,-4.806114804106916,-3.568259559019949,-4.851670182888142,-4.130654566585705,-3.8784856104835725,-3.9412337940356608,-0.0,-5.251545521515164,-3.7468000354357702,-4.49925212267345,-3.947918709255208,-3.879384018949616,-4.467848381364203,-4.1142014645256015,-4.963598507054723,-8.824050338163055,-3.8687720349601116,-4.190881798251653,-4.091512410899197,-3.594521608312321,-5.124047376903048,-4.3185690590076975,-4.182163956873697,-3.8898942368267937,-3.5426308084845424,-5.359946787293983,-5.359802967144539,-5.268668292593305,-3.756921628916165,-5.615051575423725,-4.480102699314874,-4.543088425763992,-5.425089608104779,-4.437937063714845,-4.3166680498245045,-6.4121051696013955,-4.42527825531804,-5.469891115609089,-4.121479298061385,-4.993019538098302,-5.282624498340594
Before You Go,-3.636348575989809,-3.664042332780848,-6.43368197757007,-5.347078389398679,-5.070078202811457,-4.366161721516113,-3.7531946818364945,-5.171687816819678,-4.560726834387225,-2.148694651163353,-4.306366624432731,-4.009441473616193,-3.423663067332408,-3.8163380294353817,-4.9973545610700825,-5.251545521515164,-0.0,-4.80626396846603,-4.476214897732144,-5.564134857386127,-4.907835556564429,-3.9107745364615667,-4.61963789813698,-4.715417922729927,-8.876840925775001,-4.590746960499445,-5.276009229755069,-5.618552590905942,-4.866875015809495,-6.088189505299582,-3.4156499487485616,-3.6226840755987704,-4.448034696225178,-4.832760916510592,-4.457641104159,-4.668004180371747,-3.84632685685057,-4.661606193298952,-5.505259624118699,-5.5288412848151625,-4.329977340565308,-6.033290912249025,-3.3895432123572196,-5.365046114633175,-3.3453480467732697,-2.8679766313330113,-4.389087451594029,-3.6255154230619104,-4.541189806352402,-5.697243228399292
Say So,-5.083258676357827,-2.879879720188449,-4.597189501892996,-2.7675979290079984,-2.247359940981779,-2.745973637428926,-4.678161272868485,-5.617691172724055,-4.431572049227777,-5.1063580784098646,-3.20500795451443,-4.054012326595959,-3.599742910368889,-4.712314627626783,-2.3388380629597,-3.7468000354357702,-4.8062639684660295,-0.0,-4.002079829302202,-4.362999173096819,-4.614389656112376,-2.40970747118565,-2.5081374078841567,-3.6316689674003446,-9.558827753227947,-2.3216369806301818,-4.59271587925186,-4.883350775421338,-3.4161914925249866,-3.150130057096975,-2.832817299098352,-3.056273641083199,-2.204107660953047,-1.8158771025050247,-3.8260441490440047,-3.1169546401720862,-5.325802147992368,-3.9697499982247084,-4.038025487677818,-2.912034003306181,-2.5652749957575502,-4.464001506509106,-4.853785303475581,-4.149052852345236,-6.824851777952558,-4.371344877629988,-4.295971601866855,-5.518569313099048,-4.150722694995038,-3.589625120534434
Memories,-6.371926566085071,-2.56880182268687,-5.448179381244386,-4.815345512889875,-4.7838965794895145,-3.482837010387646,-5.829497079297391,-4.527772079241873,-3.720269135919326,-3.7167220385845736,-4.962751631740472,-4.820143501985597,-5.30860458161585,-4.373809278645928,-3.796524888040165,-4.49925212267345,-4.476214897732144,-4.002079829302202,-0.0,-6.1476934615203715,-4.8395791850838465,-4.709602307327515,-4.206104306447305,-4.5139097483791035,-8.271543888835872,-3.711957730969589,-4.582786369348564,-5.595993297649421,-3.660980562161133,-5.821199807096629,-3.349914691253107,-4.93703902782799,-4.831102135602514,-4.036831948153466,-4.832101115750454,-5.352702547718277,-4.432436652391175,-3.7644777435212977,-6.2234206275994675,-4.708733107221207,-5.025715999575893,-5.802629343707946,-4.629841102441654,-6.9641007700677156,-4.698488374446625,-4.5752039453719515,-5.022687190082398,-4.121764664258825,-6.2675427130386705,-6.549419627463555
Life Is Good (feat. Drake),-4.874535526501283,-4.683391594096425,-5.956349758583527,-5.063469599247055,-5.004585090539076,-4.732836634007861,-5.554843772557693,-5.8629791421923425,-5.421970139710795,-5.840772525201857,-3.297504668869816,-4.611238794524401,-4.600079569271535,-4.958205257882525,-4.628813513377158,-3.947918709255208,-5.564134857386127,-4.362999173096819,-6.1476934615203715,-0.0,-4.420205530875628,-5.0451247460920765,-3.8861868859077737,-5.913030262987904,-9.54507420210595,-4.863724977055804,-3.487647549488152,-2.4967052379343335,-4.786382426016994,-3.4988765123436343,-4.264285052076359,-4.337834374018731,-4.345645779713405,-4.532493406316294,-5.310552863551984,-5.418665511209727,-6.060526451810361,-5.6420955661756,-3.0313660515512493,-5.135476196564923,-4.495310623131488,-6.019530067550095,-4.65723107742773,-3.774917156636799,-7.1380851418463465,-4.746906122941906,-5.003875513531548,-6.018476519400856,-4.905193365024601,-4.051859053931661
Savage Love (Laxed - Siren Beat),-3.925034348466148,-3.772152219112948,-4.622958529707492,-3.375941080469746,-4.381469340866878,-4.438792510329085,-4.173998015576892,-4.304011309839682,-3.9890980151010216,-4.022888715266824,-4.264884159848507,-3.4751575225076303,-3.700839270219969,-2.9901072221977496,-3.1246448911186744,-3.8793840189496165,-4.907835556564429,-4.614389656112376,-4.8395791850838465,-4.420205530875628,-0.0,-4.572190126244471,-3.5031534477467043,-4.179208816228144,-9.013833325472593,-3.3589373557239703,-4.040184659384491,-3.8316647462546114,-2.6743374276786356,-4.427392004328175,-3.305878514953349,-3.9078162889757073,-3.7106739794666486,-3.4448750653473676,-4.543957289820806,-4.38075986736167,-5.065905644696741,-3.5607084401087086,-4.644612488181186,-3.7411497976816706,-4.476028804332486,-4.966965736901466,-2.5735957699828713,-6.108334981455174,-5.855514918407658,-5.145687179453995,-3.6222370068561025,-4.880329410609338,-3.598654556533029,-5.897304024958651
Adore You,-3.9766946860168417,-3.353436549090855,-4.785928128890318,-2.5582263362815842,-1.8851056872041132,-2.6818326544350195,-2.977752609746051,-5.876416867338682,-4.079423968735395,-4.568730467641272,-3.117891536279213,-3.1327555089358583,-2.442524329453974,-3.746840131735309,-3.452744483917665,-4.4678483813642025,-3.9107745364615667,-2.40970747118565,-4.709602307327515,-5.0451247460920765,-4.572190126244471,-0.0,-2.6245846292425914,-2.5531558177751155,-9.989802039888387,-2.2777404297764585,-5.341569572913174,-5.116296641081558,-3.295659080493469,-4.282086058226579,-3.1572370480585477,-2.1452724673784114,-1.3946991729994447,-2.775069896092355,-2.954754483439672,-1.8897108614094338,-4.249018795545119,-3.8326940008273414,-4.546532773620206,-2.8672353523208636,-2.281280710674547,-4.332125247451435,-3.9593316365007096,-4.299260442763523,-6.503153649883227,-3.912880771897077,-4.480382053755782,-5.443441789259191,-3.0822431148388647,-4.372431016739209
Breaking Me,-4.285514425699671,-2.880965912460029,-4.394684481174516,-2.1818526504168148,-1.8514997605009695,-2.118481746317088,-3.8043077274926014,-4.8353879780096465,-3.524983068884849,-4.6294282162214335,-2.5190445180301104,-2.8474496417590167,-3.3263652171824867,-3.509321327031168,-2.7393579711501173,-4.1142014645256015,-4.61963789813698,-2.5081374078841567,-4.206104306447305,-3.8861868859077737,-3.5031534477467043,-2.6245846292425914,-0.0,-2.615120726981416,-9.601288229962444,-2.316460782611986,-3.827358248912419,-3.7197509020598507,-2.314916944729988,-2.799791572407474,-2.72607599042383,-2.9767073633825647,-1.9156979229161097,-2.5788872906000138,-2.978765726720557,-2.6125876875152345,-4.736236077457726,-3.3695034240853556,-3.167500008043166,-1.869253586110687,-3.192505311560836,-4.512267340367842,-3.561151798877936,-4.902173437057961,-6.520508705317548,-4.45811470377757,-4.350745838273221,-5.328015646575843,-3.4698818592768506,-4.806411432414306
Mood (feat. iann dior),-4.992488077960686,-3.5240492638976613,-4.34899529612428,-2.214914625170994,-2.7228027125078595,-3.1749501608174424,-2.786145144355011,-5.3057553122853705,-4.390658277162623,-4.423856007660634,-3.6542359727364517,-2.8019582839041473,-3.46588120004125,-3.6721283170396593,-3.9030014399270483,-4.963598507054723,-4.715417922729927,-3.6316689674003446,-4.5139097483791035,-5.913030262987904,-4.179208816228144,-2.5531558177751155,-2.615120726981416,-0.0,-10.335197672528013,-2.814517985786883,-5.653880892838602,-5.546981956093632,-2.9069189507910163,-4.733589608652806,-3.9569172477082413,-3.096190578150369,-2.503678605698045,-3.4143148771776057,-3.3375166616281886,-2.280521274684407,-4.681216468937294,-2.7504799207016535,-5.260050556773752,-2.264141083339297,-4.028764288927668,-4.214667262069138,-4.070700051075109,-5.8745711634708,-6.754141997888247,-4.838841405655162,-5.114419858203754,-5.417307739776009,-3.674024924361353,-6.323476290901041
everything i wanted,-9.800626290544846,-8.534687346199766,-10.005629535028408,-10.059964532316505,-10.150103749094527,-9.027797195050342,-10.319723784500216,-8.677212328010492,-8.639969600533348,-8.65731938782542,-9.887053790758857,-9.598521403147036,-9.841529192475567,-8.909186252257316,-9.100036697460418,-8.824050338163055,-8.876840925775001,-9.558827753227947,-8.271543888835872,-9.54507420210595,-9.013833325472593,-9.989802039888385,-9.601288229962444,-10.335197672528013,-0.0,-9.344652756689019,-7.159779328900559,-9.301882395413164,-9.220788590051008,-10.214811015233089,-8.546241286622315,-9.727405610619906,-9.977738385831525,-9.46633559730351,-9.489697856605396,-10.417329204597902,-8.78515615586661,-9.694622560776487,-10.325762825459428,-10.299281823915331,-9.75849157577896,-10.123831754491768,-8.799856572892953,-10.562914639786307,-8.01119546343657,-8.69835861705452,-8.999057716151235,-8.276511011510147,-10.513728519429739,-10.139274476513059
Se침orita,-4.3156617923136595,-3.100408344825286,-4.265430627510376,-1.8797543101155059,-1.960041681682773,-2.5397403924389104,-4.075552189153953,-5.2064839680715975,-2.990195860743253,-4.416764972616653,-3.7294559116381882,-3.208128521664234,-3.342176249084508,-3.443471965053378,-1.8862957569777412,-3.8687720349601116,-4.590746960499445,-2.3216369806301818,-3.711957730969589,-4.863724977055804,-3.3589373557239703,-2.2777404297764585,-2.316460782611986,-2.814517985786883,-9.344652756689019,-0.0,-4.362402937174523,-4.5017667683385225,-1.9067581660807988,-3.900745682592798,-2.3024997055649425,-3.1625390198393366,-1.911390461974757,-1.9911483110747685,-3.2950889165747514,-2.7842939140156324,-4.199422643041432,-3.2547647527398884,-4.525228328461888,-2.351720848307092,-2.936541417147114,-4.329646601096938,-3.6019550788145676,-5.369038029208545,-6.230492037329114,-4.549074725602619,-3.7370919032062573,-5.2714103339567195,-3.60897846269081,-4.812202351900955
bad guy,-5.265665934590264,-4.26726363109382,-5.844998853075145,-5.0072588008636485,-5.056873264292124,-3.8483398478065567,-5.9520311448589895,-4.768141426984442,-4.077363298633008,-5.022341364900542,-4.623858048307329,-4.453540738799801,-5.488303996353172,-4.583189353962774,-4.157589644970427,-4.190881798251653,-5.276009229755069,-4.59271587925186,-4.582786369348564,-3.487647549488152,-4.040184659384491,-5.341569572913174,-3.827358248912419,-5.653880892838602,-7.159779328900559,-4.362402937174523,-0.0,-3.5751240859493616,-4.249382818011523,-4.339809922595879,-3.506334861309261,-5.224790043287442,-4.854683925969647,-4.792786095169553,-4.758647755509097,-5.630277326523107,-5.003158333476198,-5.280138669442604,-4.511573065376485,-5.2260476820818695,-5.415594379395852,-5.949336211293194,-4.323915147766428,-5.7752563921587665,-5.51588033766471,-4.533572897877047,-4.615356960831261,-4.799099249929674,-5.77638962026388,-5.789195645019184
WAP (feat. Megan Thee Stallion),-5.01560487631889,-4.385928245364406,-5.772980058756477,-4.973986233401235,-4.908547034955851,-4.433438725797367,-5.5738666598375755,-5.580234990309302,-4.196762542864848,-5.536557045173798,-3.43547685968247,-4.42264886970218,-4.637604090385488,-3.6978547433719835,-4.665829808485891,-4.091512410899197,-5.618552590905942,-4.883350775421338,-5.595993297649421,-2.4967052379343335,-3.8316647462546114,-5.116296641081558,-3.7197509020598507,-5.5469819560936315,-9.301882395413164,-4.5017667683385225,-3.5751240859493616,-0.0,-3.6781832025621948,-4.518431864241476,-4.22618844373017,-4.5214645914678515,-4.430429385141354,-4.581525521593513,-5.1354491767448565,-5.572012182134374,-5.183976752868095,-5.132315637674538,-3.808895798216816,-4.729259586024497,-4.553959409221327,-6.31757581096216,-3.568267905324616,-5.482121797906224,-6.928061609599317,-5.180919974248459,-5.343578984660468,-6.130575544002715,-5.134932775002814,-5.179260301372603
Sunday Best,-4.703200289677786,-2.787382321202194,-4.516755533433518,-2.537464214355527,-2.9091834625621056,-2.8681986766310725,-4.154583059652859,-5.022866897845477,-2.9204559091092928,-4.235543593057552,-3.391674196037363,-3.4624188801793467,-3.4513827083733615,-2.4171603385951403,-2.670738727401268,-3.594521608312321,-4.866875015809494,-3.4161914925249866,-3.660980562161133,-4.786382426016994,-2.6743374276786356,-3.295659080493469,-2.314916944729988,-2.9069189507910163,-9.220788590051008,-1.9067581660807988,-4.249382818011523,-3.6781832025621948,-0.0,-4.445516219695842,-3.0478103279648825,-3.5598422970566395,-2.6135112057196968,-2.550296325682193,-3.8684492268203123,-3.6843967838301035,-4.294290149784094,-2.5471685122345464,-4.678841981014936,-2.158087418635712,-3.6278490202957565,-5.0037078327826485,-2.8758074085636682,-5.990877414807099,-6.278415865310308,-5.0263239422645425,-4.6001112416279675,-5.11024247515884,-3.8718035212588435,-5.6764325122630135
Godzilla (feat. Juice WRLD),-4.982078608330312,-4.552864879691109,-4.5778913360863305,-3.3422621993990713,-3.2829651214611144,-4.217610096144532,-5.434413789731781,-5.272219730393529,-5.222636450683467,-6.300904279580673,-3.9927736540418963,-4.130105674877827,-4.702078763461261,-5.683356620776771,-3.203303204944161,-5.124047376903048,-6.088189505299582,-3.150130057096975,-5.821199807096629,-3.4988765123436343,-4.427392004328175,-4.282086058226579,-2.799791572407474,-4.733589608652806,-10.214811015233089,-3.900745682592798,-4.339809922595879,-4.518431864241475,-4.445516219695842,-0.0,-3.6286568231436473,-4.00215144642346,-3.479807072072763,-3.365315711419222,-4.303780001006755,-3.696593093136542,-6.656145460850238,-5.377029693196272,-2.405860400463248,-3.660142453763538,-3.8795588393813514,-4.684655805243387,-5.318837326642975,-4.886067536317901,-7.863449720559932,-5.545450350624354,-4.095807062120953,-6.870053727440672,-4.3495984672094075,-3.956332139794229
Yummy,-3.490521348616651,-2.8098143769746,-4.598343153261542,-3.3164187294222596,-3.038767308280266,-2.9054351546577895,-4.460153253308058,-4.011360737894671,-2.660903683674627,-3.5739704187277646,-3.900970018748336,-3.1425500015327095,-3.52827549678389,-3.6552427656225985,-2.1074676547667375,-4.3185690590076975,-3.415649948748561,-2.832817299098352,-3.3499146912531064,-4.264285052076359,-3.3058785149533496,-3.1572370480585477,-2.72607599042383,-3.9569172477082413,-8.546241286622315,-2.3024997055649425,-3.506334861309261,-4.22618844373017,-3.0478103279648825,-3.6286568231436473,-0.0,-3.1900705222293024,-3.0590863367845937,-2.704322276114264,-3.2292580086288942,-3.4362418626810944,-4.037075668607662,-4.115595932475488,-3.7822149458889966,-3.7211408726684128,-2.992021231500872,-4.669538364644883,-3.1205620285695916,-5.344561713647748,-4.777792969133405,-3.7026177459673915,-2.330072350363952,-4.683045063009269,-3.9797105822774017,-4.255659637304605
Break My Heart,-3.6940353236125065,-2.982567409024666,-3.8796862026318157,-2.9423422299485553,-3.0372699996267016,-3.507936995945987,-2.5765479267022093,-4.781544307503162,-4.391870984148206,-4.250530963621132,-2.7968883431217324,-2.5550474070363633,-2.0091434569483204,-3.433755123187588,-3.6740352583603033,-4.182163956873697,-3.6226840755987704,-3.056273641083199,-4.93703902782799,-4.337834374018731,-3.9078162889757073,-2.1452724673784114,-2.9767073633825647,-3.096190578150369,-9.727405610619906,-3.162539019839337,-5.224790043287442,-4.5214645914678515,-3.5598422970566395,-4.00215144642346,-3.1900705222293024,-0.0,-2.2556616390552926,-2.825596639523878,-3.083421916721756,-2.3506711430790586,-4.4277145425671245,-3.9973149757433357,-4.20315460486515,-3.4184308414252222,-1.9787570140240573,-3.621717255489029,-3.3765976011515777,-4.075905416988843,-6.2899601151901114,-3.4093040302526108,-3.849185882407958,-5.302680425276444,-2.9840186255661454,-3.922684348324378
Dynamite,-3.82583008265219,-3.2544316470081482,-4.6188892109376924,-1.7765928540902056,-1.5818493931614124,-2.8240897378924963,-3.0746271965413894,-5.778352843028374,-4.145462637904075,-4.693687230110461,-2.598451842669228,-3.1405037197353876,-2.1830275868208915,-3.547808991849234,-2.7592932865699433,-3.8898942368267937,-4.448034696225178,-2.204107660953047,-4.831102135602514,-4.345645779713406,-3.7106739794666486,-1.3946991729994447,-1.9156979229161097,-2.503678605698045,-9.977738385831525,-1.911390461974757,-4.854683925969647,-4.430429385141354,-2.6135112057196968,-3.4798070720727625,-3.0590863367845937,-2.2556616390552926,-0.0,-2.0476569751753244,-3.330220570296689,-1.9993705883036101,-4.837248105483611,-3.320906657081291,-3.8272646315866417,-1.9199014547858655,-2.350334085963311,-4.382920532630298,-3.7186520587449508,-4.149756416886417,-6.847615366564297,-4.4661847745803005,-4.336321533822598,-5.486785184945839,-2.3690595350567265,-4.245517705323428
Supalonely (feat. Gus Dapperton),-4.62577374559973,-2.6279981062472997,-4.279688265826326,-2.2315386213371444,-2.428165840153304,-3.4103566117944886,-4.379952591810057,-5.284566788612581,-4.2240931973577815,-4.703711348856783,-3.2703315019617767,-3.987327300419594,-2.9446123223655905,-4.041309184218607,-1.4779476043674686,-3.5426308084845424,-4.832760916510592,-1.8158771025050247,-4.036831948153466,-4.532493406316294,-3.444875065347367,-2.775069896092355,-2.5788872906000138,-3.4143148771776057,-9.46633559730351,-1.9911483110747685,-4.792786095169553,-4.581525521593513,-2.550296325682193,-3.365315711419222,-2.704322276114264,-2.825596639523878,-2.0476569751753244,-0.0,-4.14005588564087,-3.122179519176838,-5.48207070772944,-3.2377936962973353,-4.046662215591815,-2.2452044511570155,-2.33891108116288,-4.509789893644601,-4.102325952296358,-4.878730179626438,-6.782382823510519,-4.958461360706038,-3.868016371442044,-5.522119261387839,-3.3757513340911163,-3.9518016971101195
ily (i love you baby) (feat. Emilee),-4.3340653908030236,-3.799991204769183,-3.5672348561193603,-3.1683819281901027,-2.9199480155281674,-2.395770880552209,-3.7452938366807853,-4.159858665136846,-3.2071060807591443,-5.089707694348707,-4.51020175774259,-2.228509414193621,-4.250134145629054,-3.8564501248529264,-4.134974851497103,-5.359946787293983,-4.457641104159,-3.8260441490440047,-4.832101115750454,-5.310552863551984,-4.543957289820806,-2.954754483439672,-2.978765726720557,-3.3375166616281886,-9.489697856605396,-3.2950889165747514,-4.758647755509097,-5.1354491767448565,-3.8684492268203123,-4.303780001006755,-3.2292580086288942,-3.083421916721756,-3.330220570296689,-4.14005588564087,-0.0,-2.4542522741405493,-3.451924722046109,-5.147892378345933,-5.022900458956517,-3.991428271126992,-3.627494021028585,-3.1469947136257868,-3.805220654382484,-5.767099423932207,-6.074791627296445,-3.5603386056726642,-4.07047618246045,-5.6528940474258835,-4.564393397805327,-5.339993608406838
Rain On Me (with Ariana Grande),-3.9709657084292527,-3.975213911791236,-3.9405860707752707,-1.9078362498523038,-1.8412561771624807,-3.284652473670155,-2.9515705900086697,-5.275222785601143,-4.3968402527656565,-5.142216130333496,-3.8998488612481794,-2.624024349775805,-3.1389567552316966,-4.314413381995558,-3.533235989112891,-5.35980296714454,-4.668004180371747,-3.1169546401720862,-5.352702547718277,-5.418665511209727,-4.38075986736167,-1.8897108614094338,-2.6125876875152345,-2.280521274684407,-10.417329204597902,-2.7842939140156324,-5.630277326523107,-5.572012182134374,-3.6843967838301035,-3.696593093136542,-3.4362418626810944,-2.3506711430790586,-1.9993705883036101,-3.122179519176838,-2.4542522741405493,-0.0,-4.949388543487511,-4.336943307496311,-4.413265610920364,-2.7394935327825194,-2.8957642033906827,-3.4596267245967205,-4.247931168186122,-5.151234127185123,-7.043761523934921,-4.582139155700925,-4.095619012003905,-6.1519135807311525,-2.9826338252681173,-4.877525475441765
HIGHEST IN THE ROOM,-5.038681012548904,-4.3164089122330545,-5.4572233042740725,-5.169879868830624,-5.03381497795313,-3.5224303487750013,-4.543969576872872,-5.032087113079605,-2.9040857793712402,-4.183168493762068,-5.279947859480809,-3.522680153657595,-4.962841411661571,-3.129678821293996,-5.439775742077681,-5.268668292593305,-3.84632685685057,-5.325802147992368,-4.432436652391175,-6.060526451810361,-5.065905644696741,-4.249018795545119,-4.736236077457726,-4.681216468937294,-8.78515615586661,-4.199422643041432,-5.003158333476198,-5.183976752868095,-4.294290149784094,-6.6561454608502375,-4.037075668607662,-4.4277145425671245,-4.837248105483611,-5.482070707729441,-3.451924722046109,-4.949388543487511,-0.0,-5.320967154733376,-6.686451406995202,-5.6598551247597655,-4.987838062326028,-5.268760548271659,-3.395948060996361,-6.629470403123189,-4.511903963746726,-3.1647486149101645,-5.1225930477094295,-4.716409544338755,-5.888709726665319,-6.702361667058826
Sunflower - Spider-Man: Into the Spider-Verse,-5.465292841629682,-3.006551352493879,-5.58230372344962,-3.4674025840743234,-4.121281838740425,-4.0222292616793816,-3.8499240071078282,-5.713608634372642,-4.87174006819704,-3.483820762383411,-3.4142878523313405,-4.22285885541921,-3.4996886384435433,-3.42996223118443,-3.6988271352309057,-3.756921628916165,-4.661606193298952,-3.9697499982247084,-3.7644777435212977,-5.6420955661756,-3.5607084401087086,-3.8326940008273414,-3.3695034240853556,-2.7504799207016535,-9.694622560776487,-3.2547647527398884,-5.280138669442604,-5.132315637674538,-2.5471685122345464,-5.377029693196272,-4.115595932475488,-3.997314975743336,-3.320906657081291,-3.2377936962973353,-5.147892378345933,-4.336943307496311,-5.320967154733376,-0.0,-5.518241956162793,-2.8893997517760996,-4.682205387775182,-5.743563069627754,-3.9518736175536686,-5.937881323664835,-6.194951626878121,-5.293519106971599,-5.5045863651098905,-4.320435491527202,-4.064595519887025,-6.643999988137809
Haw치i,-4.190043944708136,-4.853680010459203,-6.078789535902191,-4.460570957568932,-3.9037762766448347,-4.775587176348576,-5.46451857874478,-5.945240891374449,-5.255425593283037,-5.911862071039966,-3.447274475421367,-4.548882567670047,-4.278203401414185,-5.4304379514177015,-4.050192834157376,-5.615051575423725,-5.505259624118699,-4.038025487677818,-6.2234206275994675,-3.0313660515512493,-4.644612488181186,-4.546532773620206,-3.167500008043166,-5.260050556773752,-10.325762825459428,-4.525228328461888,-4.511573065376485,-3.808895798216816,-4.678841981014937,-2.405860400463248,-3.782214945888997,-4.20315460486515,-3.8272646315866417,-4.046662215591815,-5.022900458956517,-4.413265610920364,-6.686451406995202,-5.518241956162793,-0.0,-4.198604737375742,-3.928443212502574,-6.272060681051314,-4.818941237908913,-4.884709828076322,-7.5545535036832945,-5.722697093152203,-4.5698988806101495,-6.967493389541843,-4.036557490864348,-3.9796691415216414
Ride It,-5.010171269451693,-3.4240752063390816,-4.584974539580679,-1.6834951574911794,-1.9296548873082884,-3.251302956471699,-4.033997601943929,-5.772874378567936,-4.353669729965702,-5.232589061695635,-3.2049378860814475,-3.7906777753655567,-3.3915008522323933,-3.9413449442606883,-2.812656104054054,-4.480102699314873,-5.5288412848151625,-2.912034003306181,-4.708733107221207,-5.135476196564923,-3.7411497976816706,-2.8672353523208636,-1.8692535861106867,-2.264141083339297,-10.299281823915331,-2.351720848307092,-5.2260476820818695,-4.729259586024497,-2.158087418635712,-3.660142453763538,-3.7211408726684128,-3.4184308414252222,-1.9199014547858653,-2.2452044511570155,-3.991428271126992,-2.7394935327825194,-5.6598551247597655,-2.8893997517760996,-4.198604737375742,-0.0,-3.4429354493497577,-4.866465450224747,-4.236221170028783,-5.6631620794311965,-7.550531849519465,-5.71872197220809,-5.08255683505128,-6.115319299236823,-3.3195727592616917,-5.449801942783859
